311111, 3111111111. 233.

Gobii, 61111111, 6111111111111111111111.
223.

3111111199·

611111, von, 1111111111111 6111111111 11

“ 31111119.

6111111111, 111111111133, 31.

6111111111, 8111111111 bei. 132, 133.

1111111111, 61111111111, 611111111131111-
11111. 127, 132.

1111111. 37- 39, 71, 72, 331, 313, 313.

1111111111. 33.

1111111111, 611111111111111, 23.

1111111111,.11111111111111111, 3111131111.

1111111111, 1111111111, 111111. 23.

1111111111, 6111111111 31111111. 33, 131.

narr-neh, Ferdinand 6111, 3311111111ηοί-
1111, 2.

31111111, 6111811111111, 3111111111111-
ster. 287.

3111111161111111111, 111111111311. 338,
339.

111111111111, 6111111111, 111111111111.
11.

111131111111, 6111, 3311111131111111. 287,
238.

1111113118, 61111, preussiseher Minister.
336, 337.

1131111111111111, 1111111111 Friedrich.
183, 198, 231, 213, 331, 333, 331.

3111111111, 38, 333.

iloikriegsrath. 11, 37.

11111111. 31, 61, 92, 118,133,138-133,
183, 187, 227, 213, 232, 233, 238, 293,
291, 331, 333, 339.

1111116111. 23.

1191111111. 233.

italien. 93, 97, 98, 137, 111, 123, 323.
11111111111111111111· 173.

1111111111111 Truppen. 33-93, 98.
iwan, czar. 211.

1111111 1.,1111111. 1-’-1, 33, 33, 39.
1111111111., 1111111. 333, 317, 323-328,
333-333, 311-313.

11111111, 11111111113111. 77.
silici 11113111. 133.

. 1111111111. 32, 73.

1111111, 1111111. 2, 3, 12-11,17,13,31,
33, 33, 31, 33, 38, 33, 71, 71-73, 82,

39, 91, 93, 133-137, 111-113, 119, Ι

121-123,123,127, 129,132,113-118,
133,132-131,133, 173. 177,179,183,
183, 133, 133,189,193-192, 193-233,
233, 213, 213-217, 221, 222,223,223,
233, 231, 333, 321.

111111111111111, 1111111111 311111, 1111
Kaisar. 113-118, 121, 133, 131, 133,
139, 221, 232-231, 337, 213, 231,232,
233-237, 281, 233, 238, 291.

11111111111111 111, 1131111111 8111111111.
83, 93, 99, 138, 139, 117, 123, 128,
132, 133, 133, 232-231, 271-273,
277-279, 292, 293-293.

11111111. von 8111111111. 28.

11111, iniant, 1111111131111111111111, 1111
1113111111. 62, 71, 78, 82, 83, 88, 83,
92, 138, 139, 113, 129, 133-133, 271
1111271, 291, 298.

1111111111 ΙΙ. von 1111111111. 332, 312.

11111111, 3111111111 1111111, 6111, 11111111-
11111111111111. 3.

11111111, 6111 Franz 11111, 31111111. 33.

inunita, 1111111, 8111111111111. 313, 319.

Keyberg, ron, 1111111111 6111111111. 33.

1111111131111, 6111111111 111111111111-
11111111111233, 293, 291, 293.

11111111, 61111 Franz FerdInand, 11111111
11111111 von 33111111. 37, 71.

11111111, 6111 11113111 Octavian, 1111111111
11111111 von 33111111. 8.

11111111, 6111 Philipp, 13111111 [1111111111
33111111. 283, 237.

11111111, 3111113111, 61111111111111111. 8.

Koch, 13111111, 1111111113111111131.

11311, 1111111111. 22, 73, 133.

1131111111, 6111111111111111111, 11111111-
1111111. 73, 88, 131, 133, 113, 123,

137, 139, 181, 133, 187, 139, 193,

111. “ “

1111111 32, 73.

1111113111 Bergbau. 18. ,

 

