1

inclinate 0110 0000 1111101110. 1108001ἰο 10001001101010010 10110
1101101000, 100 1100010110 000 abbia mai 101010 0000010 100110100010
10 1011000 10110 Francia, ne 0101001010 quella de‘ 11110111 100110, 0110
0 questi 00100 0001010 lomento, e 000 101110 010011οη0 0000110 001-
11000010010. 0101000 11 0111 00001, 011000 losse 11000110 0 quel 111
bellicoso 11 stabilire sopra il Trono 10110 Polonia 1100010 010110, 0
11111010101101 0100110100000 10110 1100οο110 0010000110, 0 00010
00010 00 00 00101110 0011110 001 00111110 000 mano 0110010 001 11110011
10 0000. 01001001101111 26 0001 001 0010011 0011011111 10110 101110
01101101, 00100 001 elbo, 001011001010110000, vigilante, 101010000,
011110, neglige 1111000111 10110 successione e 11010110 1110010 1100
110 sompno in vista 1011001 101 0100111100000110, 0 00110 01000010
Quinto 001110. 1100001011 0011110 1001100111 1111000010 01000110
10 0001110 10101110 0101101 11 01010 0 000011100010010.

Non 1’1 000010010 11 100110 11000110, 0010110 10000110110111
vigorosa 10001010010, 0 10101101 1111011010. llll sentimento de' 011
000101110111111010111 80011001, 0110 (0001Ιο 0010001010000 prendere
frequenti, 110 brevi 11000011000 10 1110000110 001100011010010000,
0000 0000011110.

1100010 0101000 11000100 0010110 10 antiche massime, 0 11 0111
000100001οΙ1. 11001010 001 000010 11 100, 10111111 10110. 1100110
0110 001110εο011111010110100001001 10 militane 1100101110, 0 10 Fan-
101101001110, 0110010 0 10001010 01100011101000110 10 011110110110-
’ 0101110110οἰ 000000 110101 0 110010 d'ogn' 11110 ,⁵ 0101110 sentito li
0111110111 00001011 1011100010 0 00110100 000 1101101010.Νο0100-
0011000 000010 0110 0010110110 0110 10010 000010 001 10001110 01010,
00000 hen 100111010, mal 10110110, 0 000010 11110110 11 Re Sneoo, 0110
’0000000 11100100010, 00100 11 clmenti oon 10 1101001100; 100 11 01010
000 0110 0011010 11 010000, opponendo li fanti 10 0111 0000110111 0 001-
1001001 10110011111 10’ 0110111 00110000010101100011 10 00100 0000
100011110. 00010 010 001· 0010010101 qnel nodo 0001 1100110010 00011
010010 010000, 01011111 0 0000110110. 1010 001 00001110 00 00110
000 100111 1100 00110001011, 0010110 101111101ἰο 11 quei 100 Sovoani 1
100000001110110000 0 110100111 000 010101011 10110010101110. Questo
00000110 11000 111 0000011000 10 001101100011010 00010101101101010
quella 00110 00’ 0001 10000001, oh' 110 inritata 10 lloseovia 001111010
1011001011ἀο Alleanza e 10111110110001110 00010 obligare 11800110.
Restano nel 00010 11 000010 0 101Μ10101010 altomonte 1111010001

 

