209

giorovoio aiio presscrroziono 11111111111. 11111111111111111111
111111111111111111111 1111111111 811111 11111 11811111111111 11111
confine stabilito 1111111, 111 1111111111111 111111111111111111
11111 11111 81111111111111111111 1 11111111 111111111111111111111
111 11 1111111111, 1111111 111 11111111 11111 11 mezzo giorno 11111-
111111 1111 11111111 1111 11111111111111111111Β1111, 111 11 11
1111111111 11 111111 111111, 1111111 1111111 11111, 11111111 1 riioggi
1111111111 11 1111111111 11111 1111111111111 11111111111111111111
111111111111111111, 111 11 11111111 111111111 111111111111, 1111111
1111111 1111111111,111111111110111111, 111111111 1111111 111 ogni
1111111, 11 111111111 11111111 11 11111 inquietudini capaci 11111-
Ι1111 11111111111111.

La 11111 1111111111111 111111111111110111111, cominciundo
11111 11111111 111111 111 111111111111111 111 1111111 (1111111111
11111, 1111111111 111111111111 111 11111, 111 11 1111 111111111111
sarsi, 111111111 11111 1111111111 111 11 1111111111111111111111111
11 1111111,11111111111111111 11111 11111111 stagni, 11 1111111111,
11 Portu 1111111111 un 11111 11 Cuhou 1 111 1111111111 11111111 “
11111111, 11111 1111111111 1111111111 11 111111 Tanai convertite in
11111 111 11111 111111111111, 111 11111 111111 porti.

Contuli propositioni, 1 111 11111111 111111111111111111 11
11111111 1111, o di 11111111111, 111111111 11111 11111 ruodo 1111111
11 1111 11 1111111111 1111111111111,111 11111 11 11111111111111111
motivo di 11111 11111111111.

111111111111 11 11 11111111 1111111111111 1111111111111111
11111 1111111111 111111111, 111 111 11111111111111111111111111
1111111 1111111, 111 1111111111 11111111111 11111 1111111111 (lorii 11
Pienipoteutiarij Turohi 11111111111111111111111 111111111 111111111
11111111111111111111111 1111111111 1111111111 1111111111 11111-
111111 hruscumonte il 1111111111111111 11111111111111 111111111111
111111 1111111111111111 1111111 111111111111111111 1111; 1111 1111
111111111 11111111 1111 1111 giorno 1111111 111111111 111111111-
111111, 11111 11111, 111 1 1111111111111111 1111111111111111-
111111 11111111111111 11 bisogno 1111111111111 venturu, meitondosi
1 1111111111111 11 1111111111 11 maggiori diiigenze.

111111111οεὶ perir 11 11111111 11111111111111111111 1111111-

11111111111111 111111111111118111111111, 11 11 111111111111111111

11111111111111111111111111111111, 11 11 111 111111 ussignoiegii
111111. mr. 1111. 11

 

