215 ’

l 1111333333 31 333 133 l'esibizioni 1311303313, 3131113331133331313113
3 0333133, 313 33313 queste 11333313 3333 fundate 33333 l'aeoslumato
3 33133131313 simili occasioni, 313 13 0333133 31133133 11 lavana
3 333133333331133 d'inqnieludine 3113 Parla, 3 313 113333331333 333
’ 33333 313333 repugnanti di 3331333 3333 1113133, 31 11 333113133113

333 1331111333 13 3333, 3331 31 33333113 331313 3331333333 3313333313
113333111333 33313113313111 sopra 11 3133333313, 13 maniano 1333333
3331, 333 31313 03313 33333 33113 11 033333333 33333 331131311313
misane poddeho, 313333 3313313 11 lina di 033333 333 1331333 31
311333131’3333’333333 13 133333111111 Publica, 313 333313 dunque
3333 31113313 13113 0333133 33333 33313 3113 guerra, 333 13 133333,
313 333133 13 333 3313311, 3 3333333331 31313 1333313 13113 Ρ3313,
333 saper 113113331 13113333 131311113313, 3 313 333 31 13331331
3311133113333313, 33 13113311333313 1313333 31 333 333331331333
33333313, 31· 3333313 3333133313 13 0333133 disposta 3113 3333311133-
31333333 133333, 3113113 Ρ3313 11 3333333333 (333313 1333, 313
tipigliondosi 13 0331333333, quella 8333333 1333113 3333313313113
13 311 desiderabili 13311111, 3 313 113333331333131 333 33313 333
1133313333 13333 moderazione 13 333 3333133113331333333 13
3333, 333 333313 11 concludenda 33333 11 piade del 13311313 di
13333333113, 3133 3333333133331331 l'inverno 033333 3133133133113
3313311331 131133111111, quando 3331 dall' 31133 33313 31333111-
33333 13 stesso 333 1131133331333, 3133 13113333113, 313 3313333
3133331333, 3 dinellamenle 3 indireltamanle 13 3333, 333333 31
3333313311313 3 1113133311, 3 congionlarnenle 133 113333331333, 3
13 0333133.

Dl 1311333331333311 33331333313 33313313 13 0333133, 3 331
113113310333331133333 33333333, 313 333 331333 13 313333 inaniora
333333331133 3113 13313 13113333113 11333313 dagl'Ollonnani, 31 13
13111 33333 11 331333 3113 3333131333 311331313 13 gaave pregiudieio
della 03313 0333333 33 1333333 31313 31333313, mentre non 3313
311333333313 11333133 33331333 3331131333 11 (33311313131131331333,
13 331 3113331 13333 13 3331113 13113131133113 131 Ρ331, ma 333313
1333313 33333313 11333 3331333333 13 quei Paasi 1333311, 33333313
311311333331313331331113113 33333 aggressione, 3 3333 3333 meno
eh’innpossibils 13 marchia 3 1333 33333111, 333133 13 eonseguenza
l'lmpenaloae 3 31133333 qnasi 3113113 3313313 11 333 3331 313333133313
diversiones valida 3331313333.

 

