350

11111111111. 11, 10, 57, 71, 101, 101,
127,128, 211, 218, 183, 300, 313-817,
333, 331.

1111111111, 0111111111118. 103.

11811111, 1111181111111 8111111111113111
11 31111. 135, 158.

11111111, cardinal. 7, 12.

bamberg, 1111118111111118111, 011111-
1111111111111. 7, 12.

umbem, 8111,3111111111111 Rom. 80.

11111, 0111111111 111111, ieiunandi-u.
313, 315, 333, 350.

11111111, 1111111. 1, 2, 5, 17, 13, 37,
83, 35.

1111118, 1111511113. 77.

1111111111.. 1111111. 328, 830, 330, 310,
315.

1111111, 8111111113, 3111111111813111.
330.

11111111, 1111101. 3111111111111111. 138.

11111111111, 8111111111. 35, 77, 81-08,
115, 118, 150.

11111111, 0111111. 103.

1131111111, 0111111. 88.

111, Fabio, 0111111111111111111111. 10.

Liria, Herzog von, 1111111111 81111111-
111. 83.

1111111. 275. 301.

1111111111, 11111 Christian, 1111111111111.
237.

1111111111. 110-113, 278, 238.

1111111111,Ι 31111 11111. 15, 118, 181,
203, 200, 201-208, 285, 230, 231,
235, 300.

1111111111, Herzog Leopold von. 33, 15.

Ludwig XV„ Kinig von Frankreieh. 105,
235, 238, 288, 238.

Ludwig xvi, Kinig von 1111111111. 338

= bi· 310.

1113111111, 1111111111 von 1111111111. 245,
203.
111111, 1111118111 111. 257, 231. ’

1811111118, 1111111110111, 0111131111-
111. 2. ·

11111111. 33, 31, 55, 101, 108, 121, 135,

171, 175, 237, 331.

111111 1111, Euboi-nogia, Kfinigin 1111
11111311. 5.

111111111111111111111. 88, 83, 118, 117,
123, 153, 182-181, 230.

3111111111111, 3111111131, 11111 11811-

gin 1111111111, 118111111111111. 15,
53, 82, 78, 31, 118, 123, 131, 181,

. 182, 230, 281, 211-217, 252, 251,

2814111281, 202, 208, 270, 273-281,
288, 230, 231, 231, 235, 238, 301, 305,

’ 307, 310-311, 317, 318, 321-323, 320,

332. 383, 313.

Μ1111, casparo, 0111111111111111111111.
10.

111111, Marino, 0111111111111111111111.
10,11.

3111111. 80, 110.

111111111131, Herzog von. 31.

1111111111, 8111118110111. 3.

1111111111, 1111111811 Grai. 3.

Μ111111, (ini, 111111111111 0111111. 31.

Maiiam, 111811111111111. 237.

3111111Ιὶ11 81111111 1111111111. 13, 18,
28, 27.

111111111111, Herzog Knri Leopoid 11125.

Medos (11181111) 1111111111 0111111111.
18, 30.

Meli. 1111111111. 33.

morey, 0111 claudius 8111111111, 1111-
111111111133, 102, 103.

1111111, 0111 111111 Adelph, 3111111111-
1111111. 71.

11111, oration. 111.

Μ11111, Herzog von. 30, 32, 83, 85, 171,
175, 251.

1111111111, 81111111011. 231.

1111111111 11118133.

Ἰ 1111111111, 0111 von. 150. ,

8111111. 83, 313.

magdalena, Bnherzogin. 8, 35.

11111111. 32-31, 55, 73, 03 -00, 08, 100,
108,100, 111, 123, 170, 282, 272-278,
237, 208, 331, 318.

1111111111, Herzog von. 270.

Monte-Sam, Grai von, 311111111811 spn-
1111111311111. 71, 303.

1111111111, 1111111111. 133.

11111111, 0111,11181111111ι111.201, 211.

 

