381

0111111111, 817111 11111 1111111111, 11111111-
11111111111. 311.

6111111111, 81111111118111, 6111111111
111111111111. 55.

8111111111, 6111 1111111111, nereio-westm-
ier. 287.

8111111111. 80.

0111111111, 11111111. 10, 18, 131, 308.

611111111, 1111111, 11111111111111161111111·
ier. 223.

611111. 218.

6111111. 99, 112, 299, 322.

mmmffiwmmmm.

8111111111. 18, 17.

111111, 111101111111111111. 30.

vettingen, 8118111811. 265.

011111111111. 11-18, 11, 321, 338, 338.

81111111, 1111. 8111111111 8111111811-
111. 18.

8111111111111, 111111 111, 011111111111111
1111. 13.

11111111, 1111111. 87.

01111, oberei. 97, 210.

111111, 81111. 301.

Du Theii, 1111181111111 6111811111113111.
116, 181, 188, 187.

311111111131111111, 11111111. 3.

2111111111, 1111111111. 5, 88, 89, 78, 128,
151.

Elisabeth, 1111111113111, 11.

Elisabeth, 811111. 211-211.

mmmmmmwmmm,
82, 88, 89, 123, 158159, 172, 250,
281, 271-271, 279, 292.

81111111 von Portugei. 81.

Euro, 61111. 18.

11111118. 31, 81, 82, 92, 93, 100, 117,
118, 111, 150, 113,181,188-189, 188,
187, 227, 237, 239, 218, 211, 253, 281,

282, 288, 288, 289, 272, 273, 271, 278,
279, 288, 293, 291, 297, 300, 381, 321,

mmm.
1111111, 1111111111111131111 11 611111111-
· 11111. 307.

811111118111111. 10, 11, 32, 33, 35,
18, 11, 17-19, 83, 89, 71, 71, 91, 183,
181, 110, 121, 121, 221-228.

111111, 11ς11111118111111111111111111111- ’
1111111. 228.

111111. 99, 271, 278, 292, 298, 299.

11111111111. 13, 11, 17, 72, 73, 93, 98,
18-100, 188, 110-112, 122, 131, 300,
312, 328, 332-335.

1111111. 72. .

fleury, 61111111. 78, 88-88, 185, 101,
115, 116, 152, 115, 183, 178, 171, 188,
200, 212, 213, 235, 239, 210, 211, 218,
217, 251, 287.

1111111111. 21, 31, 37, 81, 78-78, 88,
87, 98,101-107, 122, 135,111-118,
111-153, 111, 182, 183, 185-187,
212, 218, 221, 226, 227, 233, 235-218,
212, 213, 211-218, 251, 218, 281,
zea-265, 287-269, 273, 277, 278,
291291, 321, 322, 329, 331-312, 317.

Franz von Lothringen, 11111 1111111 Franz 1.
82, 78, 77, 107, 129, 138, 116-118,
111, 111, 157, 158, 181, 188,197,210,
221, 227-229, 238, 219, 210, 255, 283,
287, 288, 281, 291, 308, 312.

81111111, 1111111. 329, ais-350.

Friedrich, 11111111111111. 282.

Friedrich wilheim 1., 1181111111 11111111.
92, 105, 118, 153, 189, 238.

1111111111 11,, Κόιιίς rou Ρ11111111. 222,
228-230, 232, 233, 237, 210, 213, 211,
217-219, 280, 281, 287-270, 291,
292, 295, 298, 298, 121-323, 331,337.

111111, 61181 6111111111. 131.

1111111111, 11111111, 1111111111311111111-
11111 Wien. 158, 159,181-183.

Fir-eienberg, Fiiret. 22.

Guges, 1111111111 0111111. 270.

611111. 99.

Genua. 31, 99, 152, 271-277, 299, 380.

61113 1., 1111111111 111 81111111. 25, 26.

Geor-g 11., 118113 von Englend. 211, 216,
218, 285, 273-278, 278, 293.

 

