22

011000 11 1110010100 inferiori 10111111 001 110010. 111000110101-
11010 001 111010 11 010101110101 10111100110010 0101101110. 1111000111
11010111 11000110111010101) 000 110 000011100100111 001 10111110
11 S. 11. 1000 10 01110 1111ο 0100“,1’1111·0 1111011110010101110-

1010, 11 10110 11001100011011 1111000 101101100010 000 10 0111100, '
e 0001101010111 10111 00110 11 Vienna. 1111101101011 1001100010 ⁵
00110111010, 00111110 00011 0010 11 01010001· 11 0100110 10110 011 ²
di 014 00011110011. .

Queilo di 00101111 010001110 11 3111011 segue 11 0001111000 ’
1101100111101111110110 01011010 01010, 100011110 10111 11001110101 4
01110. Νο0 110011 0111110 sin'ora 11 11111 101111011000, mail ¹
01011010 10000 1010110110 1101110010 10 1001110 10 100 01011110, ’
0001 1011001110 11 0011 10111 guerra, 010 11 111110110011010000
00110 11000 101 Paese. 10 11111 10001 potens unire sino 0111
1011111.
. 11 0111101010 1· ogn' 11110 0101011010 11 Treviri. 801001110
11111 10101011110111010 011 100100111, 000 innocente ’00111100 0110
figure 11111 0010111 00111 0111111 00110011. so 100010 101110 10111
00011111 11 101 11110 001110110 111001010 11 10000111 1111011010.
Quando fosse 111010 1111 1011111001, potrebbe 110110 01101 dne 01110
nomini. 11 11 101 00010 1 propenso 1111 0111 1111111111 001 1101010110
10111 11010111 11100011), 00111 quale 0 0110, 0010010 1001110 00111
111011001 11111 Cesarea 0101011000.

11111 10001111 001011010010001111 fle di Boemie. Sin· 011
000 0110 11111 01110, 010 11 101110 0011010110ηο 10111 1101100101.
0111100010001101010, 0 10111000 0011 0111100010 0101101110, 0 11 di
1111 111011111101011000000 1 1111010 0001010010. 1101010 e 111110
11110110, 001010 000 101011 11010111110101110, 0 1111101111. 0110110
1 100010 0111111 10 1000011000, 0011 111011100011, 01111011111
110101011011. 1110000010 1100010011 10010001011111101, 101010-
sione 10111 10011110111Β11111, 11 cessione 101111101111110110 1111· ’1
111100 101 Reno, il 00001010 1011111111 10001111011101011010 (1Ἠ10· ’
00101, 10 01111010 101 11000100 1110111001010 001 Re 10011110, ’
110001 1110110οἰ 01111001111001100111 11101011010 11 8110100100 =
sono 1111111 010110 101011010 10011110.

=.-.—-------———

¹ 8011101010.
’1 sonans 11000 1110111011 100 01110011, 100 inno-1711 11111111110011101.

 

