,¹⁰⁷

11 3133113113 3333, 333113 base 1331331333 13113 33311313 1313333333.
Pigiiandn 3331) 333331 questa 3333333 3333111333, mi 1331 31133 come
13133313331313313311111333333, e 1311113131333 intorno 3113 33313-
31333, 3 corne ne 313113333333 13 persone di 3113 3113 33333.

Grande 33133333133313111333333133133311 33131 13113 31 333
1’13333313331313133333 11 3333, 33313 31333113 331131333331, 3 agii
3113111 133133313113 33133. 3133 133333133111 13113 paee fosse ,
333331313 13113 premere, 311313133331113333331 11 aquierere il 1133313
11 herena, 31 3133313333 333 ogni 333, corne 13113133 3333113333
133333 13113 133111333 133331 disegni, mentre sin 13 quando 833
1133311313133333331133333 1111333. 31 3333331) 33333 33331333333
11 risnrgimentn 13333 333333131311331333, 13 33113333 333 3133331313
331313 33313333 33 33113 13333 13113 333 armi, 33 33113 33331333 11
333333 1113313Ρ333133131313113313313, 3333333 13113 quali 333-
333133 3113 Francia, 33 333 13333131133133, 13 33311 33313 133333
imprudente consigiio 33331313 31313 311 333113313 133333313113333331,
331 333311133333 31331313 33313313333, 3113 33 3333113333 33333-
3313 1 131331311131113133333, 313 3313333 3333111333, 3313 3 ragione
31 celebrere 333133133313, 3 333313133331333 l'nrbitrin 333331313 3
133333 11 133 333 degustati 311331, 333113331311 3 compenso delle sue
giatlure, 33313333 313113 3133331313 33133. Cin nnn 3313313 113333-
1 331333, 11 333313 33333 3331331313 333 maravigiinsa 33313333 13 3311-
3313 3331333111 d'rma 33333313131131331333,33331331 333133133331 3133333313
3113 segentem 13113 3333, 3333313311, corne 31 331) 3331333,13 333333-
1333333313 11 3133 Regni, 3 1131133113313333313313131333 dominio
3 1ἸΙ3113; 1333118131133331331 33331133 13 33 3331331331 13 33333 313
⁵ 3113 33311 animo di 8331133311 pervenire 13 3333 33331133311 qnni
membri 1311331133 11333331313833333313, 3 331 33333 33313313 negli
3331 3331 3133333111 133 infiniti 313311 3 33313311,

Gli 31333333333 13 31133113313331 1333333 qne* 33331 3333313,
33333 13 quali 13333333 333313133333 1 signori 8333333311, 313311
Cetaingna 3333313 3333113 13 1113133333, 3133133313 singli 131 13113
1333333111133331331313311 13 33311, 3 31113] civili 33113 Germania, 1333 “
peria 333113133133313111313113, 3 333 3333113 3133313 13 131 mede-
31333133331133331313313113 333333 1133333313 3 Ν33133311. Ε 333113
, 3313333333313 333333 e per 33333 13 Maesti 833 113333331311 33113
331113 33331331, 3333333313 3113 Germania que' 13311 133311 1133113,

3133 33313313333 33311333333313 1311113113. Μ3 questo 33313 13331111

 

