1111101. 36, 17, 18, 61, 63, 78, 123, 121,
163, 176-160, 182-209, 211-216,
218, 219, 221, 226, 227, 237, 210, 211.
292, 321-323, 327, 328, 336, 313, 317.

11001111, 6011161006111110010111. 323.

1161010111, 11101 0111, 9011111101. 226,
286, 301, 307.

Ungarn. 11,17-19, 31-36,11, 16, 63,
61, 73, 77, 123, 121, 267-260, 296,
312, 313, 318, 319, 328-3311, 316.

91101111, 6116110601101. 67.

90111131 90110111111111011101601. 20,
21, 36-38, 16-60, 61,66,119-121,
136, 138, 140-144', 172-171, 191611
197, 201, 202, 211, 212, 217, 262, 271,
277, 278, 302, 303, 328, 329, 331,
313-317.

9181011, cesare, 6011111106111110010111.
67.

9131011, 910110, 0011111116111110010111.
309.

9191101110, 6111116101. 213.

91110111, 111106010611110, 9110161111 101
11010οΙ. 89, 116.

3110

191111111610. 62,100.

9111111011, 11111 Ernst 6111, 060111601-
1111106111. 9.

191110111011. 96.

wallis, (1111111111,90111111101111-610111-
1111. 201.

19110010, Sir 1106011. 239, 262, 272.

9111101111110110, Feidzeugmeieter. 101.

Wiener, 11111101, 6110110106110601 110-
1110111191111. 227, 238, 239, 281, 288.

191011,0111101.106. ’

wien. 19, 29, 216, 296, 311, 318.

1910111 6111116111. 68, 70, 71, 99, 100,
312.

Windirehgriiz, Ernst Friedrich Grai,
Reiehshosrathsprisident. 66.

wratislaw, 10611191111016111, 11111101
1016661101. 8, 9, 11.

11111110116013,9011031111110111101. 101.

991111016011, 11111 Ludwig von, 10111-ι
zeugmeieter. 102.

1911110111, 1101111106 Eruet Freiherr ron,
Feidzeugrneieter. 101.

Zeno, 1101111110, 1010111111160190110611-
ter. 222,

 

