17

311 131133311311 3333 333 311333313, 3333 3 1333, ebe 333 333113 13
3333 d'un lungo esame, 3331 333 333 sellaria 3333313 13333, 333133-
gono 3333 33133131] 11333111 egn' assertione 131333 sudditi. e 13333
esqueste 33313333 33’ 3313 33333 311 13313 13113 133133311033333,
ebe 13113 333 3111311313 3113333313313 33113333 31113113 33313
1’ 3333 11 servire V. 8.,1333 333 3311 33311113331131, 131 3333 33331
33331333313 33333311. Η3 3133313 31 33 131 fine 133131313 13 33
. 333113333313 331113313 (1310333311333 11 Corte Corte di 8133331331,
quale 33113 313 premurose 1331313333, 31133311 31113113 ordini 31333-
· 1311 3111 (1333333131 1311311333, 31 confine di 133 31313333, 3 tog·
11333 1333331331 3113 querele, 1 3313313 perquerio 333 possibile, 331
· 13113, perche quande 331 33313333 3113 Corte, (1 333333 311 difficile
111333133313. Si 33331331333313 3333333313 1313333 333133 333
3311311333113133113113133113, 3113 31333133133333 11131311 33113, 3
33113 311311 (333113, ehe 3333 13 presente, giust' 31 Publice 331133
33333333, 3333 33 3131 11333331] 112; 331113 Signore he 331313, 331
313 3333313311333 3113131313 queste 33133113, 31 113 331313 gue-
1 13333331 13113113, 3 13 3331113333 131 3333311133113313331, 3 333-
13333 110333311133 1103313 331133131333 311 333331311333 333-
333333 333111, 33133“13133333 13 31133113 333 33313333, 3113 333
33331133 3331333313 terminate 33333 qualche 3311133, 3 3331333133

¹ diseepito. L* Imperatore 333131133333313 13 31331133, 31333313,

33 33111111313131, 3113 133333 3131333313313, 13 3331333 331131333-
gine de grandi 311331, 3 331 3331333131 1333313333, 3113 3333313

· 133333 11 quel 13333, che serebbe indispensabilrnente 3333333313

3113 1333 1333313333. Ι
[1111311331 33313 3333 13 3333313 luogo sopra 11113333 333-
petua, ehe 33333 131 cesare, e 13 S. V.; questa per 333111, 31133 13113
quel berre, 3113113 33313, 31333113 3113 1313333 0113133333, 33331113
333333 31111311833313 33113 3113333113 Corte 11113333. 1113333
3113 3333313 d· 313333 11 quei 111313131 13311133313331 3133313111311
3331 cesaree 1333 13 8333311333, 333331313 V. S. 3311683; 31
33311333 333 113333311 1311333313311313111 3113333131 131133333133,
33333 3331 3333333 131133333313 1333313 11 mere, 3331 3333333333
33113 questo genere di 13333, che essi 333 hanno, e 333 saprebbero
33333313 31133 33313; 3333333313 31 331331313 1333 333 333113 13
1313 3331313 331 33111311133331, el'ermi prese in 13333 313 per·
1313 13 113333, 313333133333 11333111 33331331 3311313133113333313

 

