225·

nemmeno 33313 13333 (33331333 (33133333 31133 13333 3 3331331333
333111331333 11113311. Duuque riduceva 131131333333 3113 33333113,
3133 l· Imperatore 31 333333333 11 3313333, 311 3113333313111 13133131
1311 Europa, (3313333313 stesso si manifestavero due altri 3313-
eipj frequentementc repiicati 33113 3331333333 13 argomento 31 33-
33313 33333133331113113 13113133333331133. Cion, 3133 331 33331333333313
113311311 333 3333333, cha 3 3333133 313313131131, 31 3133 forma
3113 3331, rna 333 31 3331333333131313, 3 1333131313 13’ 13133131, 3 ohe
11 13313 vinculae 13 3313 sicurezza 13113 conversioni 3 (13113 33333113
133331 stabilire sopra 13 1333 1331131333331 da· Principati. 13 33333-
3333331333331313311, 3 333133331133331 13311311, 313 31133333, 33333
1333333 333133313 (13113 massiano testamentali (13113 3331331, 3 13333
(13113 3333333131 13133131, 3 131333 1111313131. 13311111331133 333333-Ι
1133 13 considerans 33113 313333 3333 11 3311333111 do' cousigli, 3 13·
31333311, mantra questa 3313 333 1133133313 33333 33333 31133 13311313
33331333313 3 1331133333, che ad 3331333333 13 333333, 333333 13
garantia.

(13333331331333311 3333333311113313113133333331133, proponere
¹. 3113333133333333133113 313333 33331313 13331111 331131331133133333,
so 113333331333133333 di 3333113333 Stati, 3313113331, 1333333
133331, 31 13333 3133113 3 preparare, 31 3331331333 13333133 13333-
3113, 333 331 3333131333 3113 33313331331 11 3331 31133 Principe.

1131133113113133333333 131331331333, 3131 333 3333313113 13133- ,

prender 13 333333, 3 3333113 13 (3311303311 1131333333 11333 3331333
13333313311 11 333333133 13 conquisto e 311 Stati.

⁵ Li Serrani 3 11 1311333311, che 33333131333 3113 esecuzione
13113331111313313331, 3 131333133111 13’ 1331331331, 333 esteudono
13313311133333 1 13133131, liquati 333 3313313 3 333 3313313
313333333 33131131, 3333 deceno, o abusarsi 13113 13333 131133331.
1 Con (333313331311113331311331 11 313333 3 13 11133313113 33313331331,
' edei 33333 coronopus, appono u necessus u 3333333 u
truppe 13131313 13313 3331113 3 111331333 13 33333331333. 1131133-
33331333 33333331 socieoato 13113 1133 13113 Prammaticn, 31 333 cir-
3331313 13 111313131, 3133 33333333 31133333 33311111313113131333, 3 13-
montore 13 inclinazioui 131 Sarrano. Erana 33333331313 333133313
133133331331, 3 13 33313333 11 quei suggerimenti 333 3133331313 (3331
3113113 13113 messione 331133313, 3 13’ vizj 131 (31111331, 3133 333331313333

3333331333 3313133131 333 333333, 3133 3113 133333 33113 ‘gaurum
133133. ΠΗ. ud. 115

 

