108

133113 333333313, 31111 113113113 333 3333131333 33111333313313 31
bisogno 33131113 1331333 1333113133. na 13113 3333 13313 1331 13113
331133333131311113313313, 33313 1 3133311 83333331111113333 1133-
3333313 133333133313 13113 3333. 83111333 331 tempo 13113 mio
133113313 333 331333313 1113333 33311333313 331131331, nondimeno,
311133133313 3333331, 33333133 333 131333, 333 311 33333 3311-
113113 1133311313113 1311133333, 331333111331313, ohe fossero 333-
13111111131333113111 33311311, 3131 13111331333133313 11 3311313 13
3111113311 31113 degli 81311 3 1313 33333331 13 3333133, 3 131333-
13313 11331313333313331331311 13313313, ohe 13333333 331· 33111113. ¹
113313313313 poi dei signori Tedesohi 1313133311 1311311 buon animo ἵ
3331331133111311333, cho questi 31111333 31 3311113 833333313, 3
o'ui non 131333 131311331313333313 13 1333113,3113133113 13313- ³
1111, 3333 perche 3331133333 1113113 quasi 33 33333 33111313 31
331113331311311331311. 113 331 3311113113 313331 1131313 di 3111
331313 3331333 311 3111 penetrante 31311113 333113333 differente· ,
mente, 3131, ohe 1113111 13333 113331 1133333111111311111311311 ,
Cosano, 33 11 grandissimo poi 3113 331133311133333, 3 3311 1133111331
3133313333313 331 l'immenso 133313, 311331 3331133311 coiit stante
11 3331111313 33133133 311313113 11 3133311 11311331, 1 131311 31 veni·
3333 3 33133113133133 1331311, 3 3313113131313113, 3 331 3313- ¹
33131 111311, oppnn' 3333 per 33331133 1133113 3313333111133333 11
1131313113Ι 1313 33313313. 83313 11 313131131133113, ohe 13 313· ’
313313 3331333 3 Vienna 3313311131313 3113 pensioni 1183333331,
13113 3333133331 1313333313 13133133131 3333313 11 3331311131313 ¹
13113 3311333, 331313 eho 13311313 1331133111331 331 questo 33313
1333313 331311133313333133311113 31 331 3131311113113 13113 13331· “
131111 313113, 3333 3331 affini 13113 3333, 331 333 1113 1131113 .

31113 33331111 313333333311 1113113, 13331133131111313131113311133313
13183331331311 11333313 decime 333133133113113 333333331113 111
133131313113 1311113311331 11 1133113113, 3 1331133111 3333 11 313111
333313. 113 3331111113 1113 1331 3113111 particulari 13113 3313333, 11
’ 131313 33133133 13311 81311 3313113111333 11833313, 3 3111313313
1133031133133111131331113111131333113 11 833 11333111, 33331331333111
13133 3133111313 111311333, 3 Ν333111 3333 11 313313313311331133,
13 311131 33111 3333131313 131 8333333313, 3 311 13 311313, 13 3333313
331131311111111 3 331 1113313113 131 3131311113113; 331 e 311311
1311313 3133111313 3333333311 13 81313 11 1111333 3113 31 133311 13 3111

 

