21

11 3331331 333133311 333 313333 3131 1333133313 31183313. Miseno 3113-
113313 333 11133113 11 33313, 3 13311333 13 31313133 impressioni 3131133133
313111331331331183333111,3113 13 3113313333 333 occasione 3131131333 333-
33333311303313, 3 331 313 passaggio 333 3331301111, 3 31 1331333
1333313 13113 333 qualche 133113. 11 8333311333 1133331331 11 33333-
31333 313113 331333, 1183111333 113331133 333 311333331113, 3 quasi con
sdegno, 11 8133131331 11 niguarda con indifferenza. La prudenza di
V. 811 33313 13333 313333 3313333313 333333333333313 3333313 313313-
31131333 3 3113331133 311311333311. 8133333333333 13 3331131 3131133-
3313 11 13311133 3 questa 1133133313 311 13313 3311311311333313, 3133333
1313333, 3 3133331 333333 33111333 13 buono 333313333313333 133 333-
1133311. 1331 3331311313 3 1313 3333113 13 vendita de' 3311 31131313. 113111
3133111133Ιιιὶ Precessori 13333 3331313 333 333113 333 13333133313, 33
3113 3133133111 (131111331111 Sig‘. 13313311, 3 (1333 133333131 e 1333313
13 33313 311 3131111313 333 333333 31133313331333 311 quello 31333
33113113 333 33313 de’ 33131311 Veneti ne' tempi amiati. 13 1133333-
31313 3113331333 31 3133113333. 1333311183113 1313313133 313 13331 311
33333 333 313333 3131 comarum, 31311333 3131 pubi decoro.

La maturiti 31311133ιο Senatu 3333313 333 13 33313333333311
311333313, 31 11 commando 3113331313313133333333113333333333313
13333 3333333313 333 3333333133 11313313 3331331313 pecchi momenti
ogn'opposizione. Α 1333 (11333113 3333333333 31133133333111333331
Conseri, 3 33113133 13 33331113 313113 33333 331333, che 33313333 333

, tanto 13313. 1133113 3333111333 131 33113 una vigorosa risoluzione,
; quando la causa 31313313, 13 3333133133 1333333313 333 3331333313,
Ξ 33113333333133133333313 313113 suavita 3 33311313 313113 ragione.
1 11331 1Ἐ. Ε. V. V. prescrissero 3113 obhedij. Ν3111 3331331331333-
3 33331 311 133333 33333 13 83133313 311 Ν33311 fir 3131313 1133333313,
e 333331313113113133333, mentre 33333 33333113 333 13331133331,
p gente 3113333313, 3 precedente 3333131333 311 V. 8²⁴. 033, 31111 313113
¹ 113333 ia ricaduto in potere 311 Casa d'Austria 31333331333331133-

1 333311131113333111, 3 31 3333113313 333 33331333311111 1333331113 3131
¹ 13311133 33313 13311111 1131 3331133313. vato-aero 31311333 3 3131131133
3331313 33331 13 333313113333313 33313 11 33333 3113 33131333 333
diver-tirio. 11 mercante 3333311 3331113, 33333333 dore 13 13333, 3 13
3331331333 331 ogni riguardo.
133313 13 13333 313111333331333 3311111331 1333333313 quelle
1311333313. 1333331333 33113 dignita 11 133 31311331 3331331331131,

 

