358

81111-81111111, 1111111111 8111111111»
81111111 111111. 08.

81111, 11111711111118111, 011111111ηοί-
dier. 0, 7, 10, 11, 31.

81111111, pragmtisrhe. 82, 75, 91, 02,
110, 150, 182, 221, 225, 227, 237, 238,
218, 210.

81111111, 111111111111111 8111118111111-
11111111. 288.

81111-81111111, 8111111. 111.

8111111111. 253, 251, 271, 278-277, 270,
207.

8111111, 8111, 711111111111111111111111-
11111 1111111. 71.

81111111, Herzog 711111 11111111. 31.

8111111111. 53, 180, 228, 220, 232, 29⁰.
202.

8111111, 8111 1111111, 7111111111111. 11.

811111111, Friedrich 11111 8111, 1111111-
71111111111. 8, 58, 70, 71.

8111111111, 8111 71111 81113, nutrirat.
11171111. 255, 258.

8111111111, Grai, 1111111111111111111. 22.

8111111111, 8111, 81111111 11 81111111.
22.

8111111111, 8111, 011111. 22.

8111111111, 7111111111111. 121.

8111111111. 10, 27-20, 35, 38, 37, 180,
210-213, 202.

8111111. 03-07, 100.

8111111118, 8111 Friedrich 11111111111111-
1111111111. 108, 107, 203, 200, 285,

8111111111. 20, 37, 38, 18-50, 80, 85, 71,
72, 171.

81111111, 111111 Friedrich 11111111, 1111-
unirer. 2, 7, 8, 10, 38.

111111,111111 Friedrich 8111, 11111111·
11111111111111111111. 303, 307.

81111111. 55, 80,73,100, 157, 207ζ

811111111111. 35, 320.

8111111118, Philipp Ludwig 8111, 1111-
111111. 1,1,11,11,11,11,Ῑ11,1111,
87, 08, 122, 185, 230, 308,

81111111, 11111. 35.

811111, commendatore, 111111111111 Ge·
1111111111 Wien. 166.

Ι 81111111. 51, 81, 82, 77, 78, 81, 82,

88-00, 02, 00, 105, 112, 115, 150,

152, 158-183, 171, 233, 250-251,

2704752711, 291, 299, 999.

11111111111111111111. 13, 11, 57, 80,
01, 08, 107, 108, 110, 171, 128, 127,
181.

8111111111, 8111111111 Philipp, 111111111-
guph. 117, 191.

Spegne. 00.

8111111111, 11111 71111111· 111 , 811111-
11111111111. 310, 350.

8111111, 111111111, 111111111111 8111111111
200.

8111111111. 311.

81111111113, 81111 8111, reram-minu.
m

Sierhemherg, 8111111111· 71111111 Grai.
Hoikammerprisideni. 10, 58, 50, 70,
71, 108.

Sierhemberg, 111111. 350.

8111111111. 52, 73.

81111111. 81111, 1111111111· 8111111111.
18, 20.

811111111111111, 81111111111, 111111111111
8111111111. 28.

8111111111. 285.

8111111, [1111811111. 203.

7111111111, 11111111 von, 1111.111111111111
1111111111. 178-181, 188, 107, 108,
208, 213.

71111111, 11111111 711111 1181111, 8111,
711111111111 11111111111111111 1111111.
207, 308.

7111111, cardinal. 287, 288.

7111111, Consul. 10, 501

7111111111, 711111111111, 17.

7111111, 1111111. 38.

71111. 20, 52, 71-71.

7111111. 108.

7111111. 82, 83, 157, 158, 181.

7111111, 8111111111118111111111. 32.

71111111,111111. 172.

71111, 811101118111111111, 111111111-
1111111. 10.

7111111111, 11111118111, 0111111111111111.
7,10.

71111, 111111111111111111131. 22.

71111, 11111111111111181111. 255.

711111. 51, 80, 72-71, 301, 311.

 

