negister.

11111111, 81181111. 78.

1181111, 8111111, 81111111181111-81111111.
79, 133.

1111111111, 81111111, 711118111 1118111-
1111. 33.

111111, 811111111111, 81181111. 33.

111811, 81111818111111. 131.

111111111111111. 4, 3, 32, 83.

1111111, 31181111311. 4.

1111, 81111111111111111111111111. 241, 243.

1111, 811111. 173ε-182, 184-188, 188
811132, 207, 213.

1111111, 31111. 83.

August 11. 111 8111111 und 91111. 12,
22-24, 28, 38, 77, 84.

111111111111 8118111 1111 31111. 84, 31,
92, 180, 181, 133, 202, 203, 244-248,
248, 249, 280, 281, 298.

11111111, Ρ1111. 97.

311111. 13, 18, 19, 28, 27, 43, 38, 73,
77, 92, 1081182113, 234, 238, 284,
283, 291, 331.

31111111111, 1111111 christoph, 11111118.
89, 84, 132, 182, 183, 210.

3111111111, Friedrich 111111. 111, 1111111-
11811 8111111111. 23.

3111111111, 81111111. 40.

31131111. 33, 84, 180.

31311111, 11111111 111, 1111118111 111
3111111118. 233, 233, 238, 239, 244,
247, 233, 280, 283, 284, 287.

81111111 XIV. 232, 299. ,

31111, 8111, 1111. 3111111811 1117111-
811. 37.

111111. xm. 81.

31111, 111111111111111118. 173.

3111111, 91111, 31118111111· 11111811. 12,

3111111, 81811181 811. 103.

38811111. 18, 19, 22, 33, 230, 238, 280,
283, 284, 231, 238, 313, 327, 323.

3111111111, 81111. 88.

31111 13111111, 111118111. 140, 211, 243,
244, 232.

3111111, 81111181811. 284.

311111181111. 23, 28.

311111181111, Herzog 1111. 341.

3111111,111111111, 11111. 8111111111. 90.

3111111, Herzog 111, 1111118111 111131111-
11118. 283.

31111111-1111111, 11118, 118111111811· 81-
11111111. 30.

31111111, 111111 8111, 3111111111. 7, 21.

31111, 11111111111, 8111811118118111111111.
248.

81111, 1118111118118111111111111111. 297,

811111, 31111111111, 3111111118111. 103.

3111111111, 3111. 110.

81111111, 811111 111. 34.

01111111, 111111. 282.

81111111. 174.

chauvelin, 1111181111811 81111181118111.
87, 133. .

8111111111, 31111. 30, 37, 143, 170-172.

8181111, 81111181119811111, 71111111111
1111 1111118111 8111811111. 330.

8111111111, 8111, 3111181811117111111.
88.

8111111111, 8111111111, 811111111111111111
381.

23

 

