511111, 111111111111 lgent 11 17111. 195.

ilani, 1111111111.. 11.

1111111191, 59, 55, 89, 79, 98, 199, 115,
157, 158, 218, 279, 279, 297, 298.

1111111, 1111111111111111111111. 998.

1111111111, wilhelm 1111111111 9111, leid.
1111111111. 291.

Nauloi, 7111111111. 152.

911111111111111111-111111111. 999, 991.

111111111111, 911111111111111. 51, 79, 199,
197, 299, 291, 928, 991.

911111. 199, 299, 291, 297, 211.

Nonium, Herzog 111, 1111111111 111 91111-
11111. 295.

flavin. 198,199.

911111, 1111111111 9111111111. 11.

9111111111, 111111111111111. 19, 52.

9111111, 1111113111. 998, 912.

011111, 9111, 1111. 9111111111 11 81. 911111·
burg. 181.

91111111. 51, 99, 91, 991, 921.

9111111111, 9111111. 175, 181.

911111111119111111111. 199.

91111111. 111.

91111, 9111111111, 9111111111111. 199.

91111, 9111 11111, ungar. 11111111111.951.

9191111111, 1111111111 9111. Luca. 110·
Ι113, 197.

91111, 91111, 811111. 97.

911111, Herzog 911111 111. 92.

911111, 9111131111. 179, 171.

911111, 91111111 bel. 192.

9111111111, 9111111111, pipsllielier liun-
1111. 171.

91111111, cardinal. 299.

pellegrini, 911111111,1“11(11111111111. 999.

Peter 1. 11191111111. 95, 99.

911111, 911 Rumon 11 711111, 11111111
von llinlp. 57, 79, 71.

9111111. 179-182, 181, 292.

91111, 9111111129, 75, 77, 89, 92,159,
199.

Philipp, 111111111 81111111. 159, 192, 299,
259, 251, 271, 272, 291, 298, 999.

957

Philipp V. 111 81111111. 21, 78, 88, 119,
259, 251, 271.

Philippuburg. 191.

911, 911111, 111111111111 9111111911 11
7111111. 119.

911111, 11111111. 99.

91111. 95, 81-87, 99, 91, 292, 912, 919.

911111, 11311111111111111111111111111111·
111. 991.

Porto-lli. 29.

91111111, 9111. 912.

9111. 299, 291, 299.

9111111111. 19, 21, 25, 59, 928, 999, 997,
1111111111. ’

Prii, lllnrquii 111. 11.

Prii, llarquii, 1111111111119111111111111
(111 81111111. 97.

911111, 91111111, 11111. 9111111911. 99.

Quintillo, 81111111111. 199.

11111111, 911111 1111111111 911111. 17, 18, 99.

911111111111111. 59, alq. ¹

91111111. 99. ,

9111111111111113 von. 71, 159.

llom. 199, 119, 199, 119,199,179-172,
171, 299, 927.

1111111111, 9111. 27.

1111111113, 9111191111, 911111111111111.
911, 915, 959. ’

9111, 111111 111, 11111111111191111111111-
1111111111111111111. 11. '

Robinson, Sir 71111111, 1111111111 lio-⁴
11111111. 75.

fluminei, Franz, 911111111117111. 12.

1111111119. 28, 99, 87, 199-125, 150.

175-189, 188-192, 198, 299, 291 111
299 , 211, 219-219, 297, lli-244,
292, 921-929, 927, 999, 912, 919.

8111111. 11, 15, 75, 77, 215, 218, 279,
292.

sichaei-Zeila, cardinal, 9111111111111-
1111. 19, 12.

 

