XXX

1111111111 11111111, 111 1111111 11111111 111111111111111111111,
1111111 in 111 [111111111111111 1111 111 (1111111111111111111111
11111111.

111111111111 111 1111111111 1111111111 111 11111111ιῶ11 ¹
den 111111111111111 darauf, 111 1111111111 1111111111111 Allge-
1111111 11 11111111. 111111111111131111, 111111 1111181111111111
111 1111111 11111111111111111113111111111111,111 11111111 111
1111111 Priuli's und Donado's 111 1111111111, 111 11111 111 11111
111 11111113 1111111111. 1111111111 111111 1111 1111111111 111
111111 1111111 11111111111111111118111111 3111311, 111111, wie

’ , 1111111111111111111, 3111111111111111181111111 11111 Umgebun‘g

1111111111 11 (1111111111.

11111111 11 1111111111 1111111, 111111 11111111 werden 11111111,
111 111 1111111161111111111111111111 1111111111 111 1111311
111111111111111, 11111111111111111111 1111111111111111111111111,

1111111 er den unglfiekliehen Ausgang des 11111111 11 italien ,

1111111111. Die 1111111111111111 1111111 11111111111111111111
’11111111111111 111 dem 1111111111 111Ρ11111, 111111 1111113111
11111 11111111111 111 Krieges 111111111111111111111111111111
3111111111111 waren. Die 111111111111111 11111111 1111311 an
sahigen Genieoffieieren. 11111111 111 1111111111 11111111 gabant,
und 11111 gegen die Angriffe 111 1111111 11111111111111111. Ja
1111111111111111 31111111, 11 11111111111111, 1111 1111111111
11111111111111111113 auszustehen 1111111111.

11111111111111 Kaisar nach 1111111111 111 111111111111
1111 11111 11111 11111 1111111 11 111311, 1111 11 11111 1111111111
Reihe ganz 111111111111111111113111111111, 111111111111111111
111113111111 ,111111 111111 lag, 11111111 worden 1111. 11 diesen
1111111 1111111111 111 1111111111 1111111113 111 11111111111111
6111111111, 1111111 dieser 1111111111 11111111 11 1111111111111
1111111111111111111111ΡΙ111 1111111111 11111, 1111 1111111
1111111111,111111111311111131111111 111811111 11811111 111-
31311111111, 1111111111 111111111 1111111111113 ,11111 anderen
111111111111, 1111111111 111111 811111 1110111111111 1111111111
sollte. 1111111111 ging 11111111Ζ111 1111111111 11111111, ,111 111
Merey, 1111111 111111111111111111111111113111111, um das 1111-
11111111111111111, 111Ρ11111 11111111113111111 11 111 1111111111
111 81111111, 111 Ρ1111 1111111111 wurttemberg, 111 1111111 111

 

