239

11 vecchio Conte 8131331311 31 3331111 13 131311333 131
Wesner, 33311331313,.31331331313; 33 13 31333113 31131311313113
1331331 1313113313 311311333313 131 cardinale. 833 113133313 13 .
quel 133113 1133311113 confuso, 3 1311131113; 33 333313 1313313
1133331313, 133111 13 1111111311113131131133111333, 1311111 131331331,
3 13 sorno: 1113 11333, 311313113 113331313 131 333333313, 33 3333
311 313331 principj 13113 313311113 13113333. 311 13131133 1313313-
3113 3313333 13 1111311313 331 33333313113 3311 131313331 differenti
dei Principi.

Colli 311331 pj dunque 13113313311113 1111333131311113131131333113,
31 d posto in esecuzione, 333133133111Μ3133313113131113133311
133313, 131133313 11 proprj 11131311133113 differenti Certi, e 3133133-
do 33111113311333 133 313313 33311131133111333 di Β311313,333 31
. 1111311313 31181311 1133111331, 3113 131313 333313 3333331313 13113
313333 Duce. 3131113 331131133113113 313331313 3333311333 311
Elettori 313111111133131, 133 3311133131331113 18131131311 Η333131.
Era questi in maneggio perstringere 3311311313 33113 83333313, 3 333-
1 33113113 3113313 311133131313 1133331133 83311333. Areua presenti
31131313331 stessi 1311133111113113, che 333113 13 833333 3 333113
13 Francia 1311113313333 sostenere iuCesa d'dustrin, egid 331 soccor-
reria 331313 3113313313 13 113333. 1313313131133113 11 111131311111311313
3331113313133313111131331 3113133 31 entrare 13 33 113333113 gene-⁴
131311333113, 131333 31113 3333333111 3333, 31 uqunlunque prc-
13313 311311113111 potesse 13 313313311311131331333, 3313 311 1133133311
11333331 33131333 311311133313 31 33313133313 333331313 3113
131331133313113 131 33331331331.

uu questo 1113333133 3113131311133111113113, 3131 11 1133311313
13111111 3 13333113113 3 31331313 33333131 31131133133 d'Ungherin, 3113
313 133313, 311331133133133131333333133313, non diro 3 33313331
11131333133113111133313 11131333, 33 31 13331113 311 3333111111
11333331 113333 313113 3313111331 31 1313 3333311111.

1131131311 3333133111333311311113, 333113 333 3313313 333
333333313, che 313 neccssaria, 3 3113 11111 sercbbe 333113 13113
1313133 331331311331 33313113 3113 333113, 3333 113333 13331313
1313131113, 3 qnasi 1113113 311331133111 13 Regina d’Ungnrin.

1313111 33 11113 8133313, che 31 1333111133 Dio degli 33313111, 3313
131313 3111311113 pud, e deve 3331313 benedizione, 33 333 3313311313
13 successive combinnzioni, 113131333 311 1113111331 331313 3113133313

 

