242

33133113133333]Ι 31333311, 311333 331333333 1331331311 13 1131131333]
11333331, 33 31 33 333 13131 ragione spediii, devenero 3333333 ,
313313313313 3113 3333. Opportuna 111 13 3331133ιί333 13113 13311-

’ 3331331 13113 8331133 31 33311· 13113 guerra, 33133133 311131313331
13113133Ν331331. Areva S. 11333111 3111313313 in 1133313 11 3333313
313313 Caria Ρ13113 111133 11 Η3131313 (1311333 33133 11311313 13113
Ρ1133133333 Anna Ρ31131133 33 3333113, 133113331313 113313 131
grande 1313333; 3 33113 313333 131333 1311331331 13 81333113 33313-
3133 11 33113313 11 33313 333313 331113311331333 13113 Casa 113313,
31 333 3131111113 11 31333333 33 Successore 3131113313 3113 Corona.
11333133 11133333311113311 Candidati 31311311 3131331313 11333
11 Η3131313, 3331331331 13 8131331 11 31133333 31133133313 3133-
33333 3113 3333 131333. 1138333133, 311313311313131133133 sorra ·
13 stesso Cape 13133 Corone, ronobbe 33331313131133111111 1111-
331131 13111331333, 1131131113 3331133133133313 31131131131333, 3313 31
1313313131) 11 1131131133 11 11333 8333333333 313313313 311311333331113
131131133313, 3 13313 3133331313 3111 3133133313113 813313. persistendo Α
3331133113 131331331331313, 33131111 31333113, 3313333 3313313 1
3311· 13 Corone 1333 3310333, 331313 13 333 3313131313113, 33333· 1
33313 11 Principe 1113113 1111133133 1113113 11333313 11 1131133311 1

11311333, 3 Ρ13313 131 11333 13 313333331 13 Successore dagli 1
8131331.
13 questo maneggio 1113333331 1313111333 1111333 11 133 Ρ3311, 1
1313111 33313131333 131331313313 3311131133133113313331131333331 1
13113 133 1133313113, 33131113313133131333 3 11133313131 333113133313 1
33311311 3113 131333133113113 1113333113. La 33313 31331333 13 81333113 1
133 3131113111 3113333111131130333133, 31 ha 3331333313 13 3333 113
1Ρ1·133131 131 Ν331; 3331113133, 3113 8331133311 i'abbia 333113 quai
33313333 3331131333, 133 331 1111131333 1111333331 3131333 333313
31113333 33113 3313 1 1133331, 3131 131· 331333 13 31133 3331111333

333333 333113 31 33331] inter-essi 11111 11 1133133333. Lo persuasero 3

31 31133131, afferendo 31133333 333133 13 Messania 333 3111133331 1
8131331 3131333333 138333133313 31311111313 11 11131Ρ3133133113313; · 1
alquale 3333113 31 1133313 1331331313 1113133311· 331131331331; 33333
delibo 31331313, 311311111333331 3331313133311 3311113 13111 31113 Prin-
cipe. La speranza 111333113031333, 3 113333113 1113331113 11331333 2
di 333113 monarchia, 31 13313133133331133111111 3133333333 31181311

-3311111113133333 333331311 13113 Casa di Η3131313, 133333 13 33ξψῗ ’

 

