9

33333133. 133313 333133313 113333311333 d· lnviato 3113 33313 Bri-
1333133 3333333 333 13 333 31331 tuto· 31131333331133113313113311,
313 311133333 13 maggior 33313 11 311313 concerno 3113 333333.
Restio 3333313113 3 1333333133 quelli 1311113313313, 313113 833313,
333133313 33311133 e 31333113 33333333 1331333 113 311311311313
33133 3113333133133331333333, 333 3113 mono, e 33313331113 33333313
1 Imperatore lo 333311 331 333 31133113 3331331113 11 33331331 113333311.
Quando 333333 31 3331331 33 333333333 11 3333, tutti 333331333 331
33313313 3331133113 31 33131133. 831333 333 33133 13 133113333-
1333333, comesi diri 31 31133 33333, 31333 3331311, 313 833 11333131
3 333 333313 risoluzione importante 33313113 11 333 333333. 133333
311313133113333, 313 la 33311333 e 333313, 33333313 meglio d' 333·
“ 31133 ineontrar' il 33313 1318333333. 11133311133113331331133,
3133 33333331313 33333 inclinato 3133313 31333 31 3133333, ne mei
entre 13 31333 3333313 33333 31333133 11313 3133331313 11 tempo
3333333313 333 3131131313. Con queste 3311 333333 3333333 33113 311333,
33311 3113113 13113333313, 3 331 progresso 131133133 3311333 gron
13333 33113 Corte 0333333. 113 procurato 113311313 313113 331333 31
13 313331 13333131 1133333313 33331313, 13 31131 3113 333333, 3333-
1331331 333 1 impressione, 313 313333, 3331333313 11333331333311-
3 mento 33333 31333333. '

3 ’ 11333333 11113333313113131183313 11 Co. 11 1131131333 ¹), 313
3 11131333131333131331333113, 3311331333 11 1333313. Ρ333 31113
ἶ 31133313 1331311 833333, 313 33333 1333333313 31 0133113333333,
3313 333 3313331131333333313 il 33313 131 13333133, ne 13333
13113 Corte. Entra 33113 8331333333 11833333, 33331133 3333333
3 3333 3331311331, 31 e 1333, 33331311 333 3313 3333113 3333333
3 3331313 31 difficile, 31311 austero. 033 e 31313 promosso 31 33313 11
133313313333 1311133333313133 3 33113333 3331 rimone sostituito 11
ἒ Co. 11333113111333 113311313, 13313113 11 quello ³), 313 33313333 1113-
13331313 11113133 333 33311331333113, 311133133313 33113 3331131333
. 1111331311. Vive 333331313 33333 11 3331 1331 33113 11333113, 33333
3 - 3311313113 13113 03313, 313113 333 33333313 1331333.

3 Questi 333311 Ministri, oh' hanno perte nel 33111133. 111133-
’ 313113 11 31313 33313 11 3313 11131311133333, 3 13331331313333

-—-—..-..—.—-

l ¹) 11331 11331 133311131131313. ,
, 21 (1131110033 Adeon 1133113113.

 

